#!/usr/bin/env Rscript
approach <- "svmRadial"
hyperparameter <- list(sigma=c(0.000001, 0.00001),C=c(0.0001,0.001,0.01))